SM:2025-04-18T05:59:35.6028537Z
LM:2025-04-18T12:55:52.9325537Z
CT:image/jpeg
MA:2592000
