SM:2025-04-18T05:59:35.6117099Z
LM:2025-04-18T12:55:52.9299492Z
CT:image/jpeg
MA:2592000
